4.7849341239599426 -3.9817970402696687 4.940367210832051 -3.900253989576413 4.636280383268172 -3.700975703732354 4.770999667568162 -3.6208903240492987 5.051386257064337 -4.128510975184611 5.266480528729858 -4.019303595398242 4.867442645003962 -3.7821300371887787 5.0528359996573045 -3.675204584673736

-0.0018926354634789713 0.0 1.0 0.0 46.2481531960992 0.0 0.08753089485934569 -0.019518689306475212 420.0855047698728 10.312968177504553
0.0 -0.024549776181679268 0.0 1.0 0.0 48.23400409104221 1.1841340047812883 -438.3860524099942 0.020356802916396563 -0.8292052345303339
0.09830978378331937 0.0 1.0 0.0 46.873038630054545 0.0 -4.608078292987839 -0.9191272963193544 424.144033551101 -9.34929628515068
0.0 0.022255778094739814 0.0 1.0 0.0 48.88572150016844 -1.0879897697089997 -438.3390104394662 0.9585937320108078 43.07167909071545
-0.03918197221682291 0.0 1.0 0.0 44.42541818696358 0.0 1.7406755011223463 1.1054629752262763 420.72892427671945 -28.21356130592227
0.0 0.06716171362375684 0.0 1.0 0.0 46.33300260640457 -3.111803852380123 -440.098235055158 -1.1529304844556962 -17.16648403157889
0.056536310993915796 0.0 1.0 0.0 45.00171132996852 0.0 -2.5442307470095247 -2.690597797654235 421.426737367311 -47.59061478107028
0.0 0.11328832990799526 0.0 1.0 0.0 46.934041218681195 -5.317079145497402 -443.74496539165875 2.806129460545674 24.769801645276377
-0.034120827603373864 0.0 1.0 0.0 51.460487350969 0.0 1.7558744172880145 0.12113075255103102 420.573074763456 -3.5500531803939483
0.0 0.008450817408884766 0.0 1.0 0.0 53.67015082502842 -0.45355664492962133 -438.1532890587071 -0.1263319897191105 -14.949085231245364
0.07705954173148667 0.0 1.0 0.0 52.235343797130646 0.0 -4.025231655193543 -1.9781517941650044 422.5785314547137 -25.670432884974293
0.0 0.0611078567262126 0.0 1.0 0.0 54.47827885633939 -3.329050859043844 -439.7580220960668 2.0630917158548296 33.76148054248241
-0.07402223687404463 0.0 1.0 0.0 49.21372197838966 0.0 3.6429097857377357 3.3771777314170968 422.38576271226196 -45.623827028676025
0.0 0.10860643830442489 0.0 1.0 0.0 51.32691152392387 -5.574433049779713 -443.2898060309635 -3.522190471534077 -32.43077046373018
0.03165994420082 0.0 1.0 0.0 49.9219293962235 0.0 -1.5805254990817115 -2.132930224689263 420.5050720656292 -67.36999317370939
0.0 0.16037267111746553 0.0 1.0 0.0 52.065528682197446 -8.34988790790702 -449.39023218093587 2.2245161822428594 13.87091807315166
