1.9592526550949287 3.427615109054784 2.2963430227307526 3.612567913296573 2.0758872084635414 3.7270359873973575 2.4627306464504954 3.9540746071679678 2.1583420341709143 3.2152333503960904 2.536775333056994 3.3982787343636573 2.28892539335925 3.4952163325723404 2.725981460889784 3.7201537925262187

0.08056507693150085 0.0 1.0 0.0 43.52917556443811 0.0 -3.506931378113763 -1.1193318364722165 480.0799751315008 -13.893511669130662
0.0 0.029127835879464853 0.0 1.0 0.0 42.24807899395864 -1.230595111158694 -463.33877765579433 1.0863890536526735 37.29728010513059
0.0012397544209674725 0.0 1.0 0.0 44.96563171855736 0.0 -0.05574634071467669 0.001610010066180577 476.9847331201267 1.2986524096636547
0.0 -0.0027226330645549004 0.0 1.0 0.0 43.642259156657786 0.11882185779179036 -462.949431694075 -0.0015626262518198377 0.5739393501692076
0.13350738642902824 0.0 1.0 0.0 46.87954099360245 0.0 -6.2587649950483515 0.5100517945064704 485.48586881668365 3.8204013137326385
0.0 -0.008009495735145493 0.0 1.0 0.0 45.49984063369899 0.3644307795054117 -462.975698921945 -0.49504058429547426 61.80671051777291
0.04974533872509458 0.0 1.0 0.0 48.549872519229496 0.0 -2.4151298535292325 1.0374238588431888 478.1643439981855 20.854694840380066
0.0 -0.04372200082262732 0.0 1.0 0.0 47.121013038775345 2.0602249708443683 -463.83097375667614 -1.0068916897757973 23.02940558142764
0.07186056981821405 0.0 1.0 0.0 45.6714026723167 0.0 -3.281973020429782 -3.829123870557713 479.44711746985945 -53.28546489742931
0.0 0.11171331721279815 0.0 1.0 0.0 44.327258737270704 -4.9519451164905 -468.72350369464107 3.716429857981004 33.267563355062926
-0.011805898451400891 0.0 1.0 0.0 47.25529653544642 0.0 0.5578912321883168 0.4567210045783587 477.0504816665749 -38.68583204052243
0.0 0.08110509375686067 0.0 1.0 0.0 45.86453740565466 -3.719847606400664 -465.9912755620656 -0.443279359864341 -5.465493464482237
0.12691395391325366 0.0 1.0 0.0 49.37367342618724 0.0 -6.266208113739164 -4.800184862073091 484.66685364546896 -37.82235691241676
0.0 0.07929481264029141 0.0 1.0 0.0 47.92056886176409 -3.7998525295097654 -465.8568504312633 4.658911789823746 58.75430730832513
0.03828007115729197 0.0 1.0 0.0 51.22998513206555 0.0 -1.961087476242479 -0.8197051487572126 477.6829551095825 -21.41336533542642
0.0 0.04489325708079605 0.0 1.0 0.0 49.72224790967668 -2.232193658044189 -463.87902346615766 0.7955806060508458 17.72160582198369
