-4.1644203315297545 -3.515963533553247 -4.652391392192726 -3.5732030307501645 -4.131235850716507 -2.988404463188374 -4.591416576333472 -3.048155272641452 -3.7804104016391875 -3.304100202051984 -4.195895690026532 -3.3500823599140404 -3.7592135576441024 -2.8571199481407348 -4.153202082941334 -2.9060700175306806

0.050445856622036704 0.0 1.0 0.0 48.34378644812764 0.0 -2.4387437197286075 -0.22623225602997202 455.85410585521214 -4.484654859268363
0.0 0.009862952382066218 0.0 1.0 0.0 51.73276458749092 -0.5102377937190645 -486.61933266814833 0.24209150551029707 24.545541348297643
0.15324404737178224 0.0 1.0 0.0 47.94004475333393 0.0 -7.3465264891852655 -2.0612656281034853 465.3749852423421 -13.4508691427517
0.0 0.029582049458764186 0.0 1.0 0.0 51.300719942553386 -1.5175804346108244 -486.99779801384375 2.205763704615533 74.56426261778283
0.06483166625089558 0.0 1.0 0.0 46.81383281184349 0.0 -3.035018784782662 2.56784168176173 456.60815739881525 39.60783102233252
0.0 -0.08710818637979252 0.0 1.0 0.0 50.09555871035945 4.363733264941829 -490.2640286035759 -2.7478515644003996 31.545273511030764
0.16428651040949568 0.0 1.0 0.0 46.435141382815566 0.0 -7.628667338154335 5.021647324880206 466.96929817622754 30.566400810166314
0.0 -0.06722366941098427 0.0 1.0 0.0 49.69032039560265 3.3403656711998813 -488.7708294407606 -5.373672978184619 79.93721594296913
0.03306727248774649 0.0 1.0 0.0 43.91607232610492 0.0 -1.4521847301988942 -0.5538674674335758 455.1941859382629 -16.749717341786162
0.0 0.03683709666390181 0.0 1.0 0.0 46.99466049667696 -1.731146851403337 -487.2322644294511 0.5926944786618118 16.089608908907785
0.12665380310398658 0.0 1.0 0.0 43.58264470319477 0.0 -5.519907700989434 -3.142008190120229 461.99087907821036 -24.807847163819833
0.0 0.05455907376521031 0.0 1.0 0.0 46.63785905454156 -2.544518392408215 -488.02037523776437 3.3622680798051894 61.626194283912966
0.046674568871920966 0.0 1.0 0.0 42.64986574161402 0.0 -1.9906640959351463 1.1096640487199223 455.6875644074578 23.774489524797453
0.0 -0.052286444653906784 0.0 1.0 0.0 45.63969076908055 2.3863371654189507 -487.90222571010185 -1.187453305198297 22.710538325148327
0.13748231881243722 0.0 1.0 0.0 42.33531913080612 0.0 -5.82035784176776 2.151338708583509 463.29140441309056 15.648111896617868
0.0 -0.03441437242079422 0.0 1.0 0.0 45.30309392873627 1.5590775462777513 -487.14827107579555 -2.3021510546867368 66.8950468292052
