-3.324197345502739 -3.0473388493528546 -3.3017296576342687 -3.1463408741184367 -3.386349688923815 -2.873409768083093 -3.3662437258003592 -2.9705661422182743 -3.053248620147542 -2.60570076891878 -3.021976454589435 -2.6872177507146944 -3.103045381760353 -2.4466690305728207 -3.0732860742634784 -2.5255224164931747

-0.07306862455611847 0.0 1.0 0.0 55.34034696579113 0.0 4.0436430352487225 -2.034223370813469 503.0806956080344 27.83990232703965
0.0 -0.0556342958001148 0.0 1.0 0.0 49.78927031459603 2.769990992354111 -451.60749105855064 1.8301745985132465 -32.89651773590832
0.03624888909345288 0.0 1.0 0.0 56.45165111341095 0.0 -2.046309640352329 0.9014292726959502 501.0665283988766 24.867776509563786
0.0 -0.049694902588809924 0.0 1.0 0.0 50.789101823454814 2.523959467689735 -451.32584099532556 -0.8110087519959364 16.319757354319794
-0.07206175286400482 0.0 1.0 0.0 56.655022631032764 0.0 4.082660239342083 -6.04439889764715 503.00757200747285 83.87804428035716
0.0 -0.16761897623815153 0.0 1.0 0.0 50.972073561442315 8.543886787104709 -462.8632671077425 5.438097646735598 -32.44321000391506
0.03992685238314997 0.0 1.0 0.0 57.820310555575716 0.0 -2.3085830043003592 3.273461273263506 501.20672877941126 81.98645968508603
0.0 -0.16383889915066682 0.0 1.0 0.0 52.02047384533045 8.522977168114997 -462.2991776352693 -2.9451070897626863 17.97562791882748
-0.04734177167106818 0.0 1.0 0.0 50.021956685003396 0.0 2.368128051921493 -1.6690898047869953 501.5305383410058 35.25617537898398
0.0 -0.07045471879799121 0.0 1.0 0.0 45.00435685006089 3.17076930655549 -452.4488025980306 1.5016668312767603 -21.31392839111829
0.05174571909260324 0.0 1.0 0.0 50.928175771101714 0.0 -2.635315077350152 1.6925616780830326 501.7489048685581 32.70921165582903
0.0 -0.06536495477864912 0.0 1.0 0.0 45.81967495910503 2.9950009816743015 -452.1375741224917 -1.5227842891244447 23.296647175557275
-0.0458825588303974 0.0 1.0 0.0 51.09363843569286 0.0 2.3443068713847315 -3.943714923000708 501.46246563297717 85.9523754457212
0.0 -0.1717642477367937 0.0 1.0 0.0 45.968540403324134 7.895751761935377 -463.49664419301934 3.5481289711892483 -20.656970341268536
0.055394115465022646 0.0 1.0 0.0 52.039470667019835 0.0 -2.882680446867556 4.669076366719202 501.9445090338597 84.28830982358377
0.0 -0.1684388366787643 0.0 1.0 0.0 46.81949814428131 7.886221801306308 -462.9873102970871 -4.200730896858607 24.939206299969708
