421.96656164033016 0.0 680.9714722168347
0.0 438.97663260546256 387.06097619337135
0.0 0.0 1.0

-0.261345 -0.353311 0.89826 -0.06939520134333821
0.291978 0.858069 0.422452 -0.22154611143031758
-0.920026 0.372678 -0.121093 9.164046221298237


422.00103885082257 0.0 680.9924131452697
0.0 439.0045496471905 387.0487440208969
0.0 0.0 1.0

-0.261345 -0.353311 0.89826 -0.07803523421585155
0.291978 0.858069 0.422452 -0.1803954696126615
-0.920026 0.372678 -0.121093 9.172678130792116


421.99866521469204 0.0 680.9928877429279
0.0 439.0022731700102 387.05151063441485
0.0 0.0 1.0

-0.261345 -0.353311 0.89826 -0.08040651746641723
0.291978 0.858069 0.422452 -0.1694033519453929
-0.920026 0.372678 -0.121093 9.152943954790864


422.0015002913692 0.0 680.9931393280256
0.0 439.0052776604144 387.05130702738836
0.0 0.0 1.0

-0.261345 -0.353311 0.89826 -0.07905664109850834
0.291978 0.858069 0.422452 -0.17735011559925926
-0.920026 0.372678 -0.121093 9.144130392025765


422.00146141208137 0.0 680.9930389130524
0.0 439.0051980609544 387.0509469970285
0.0 0.0 1.0

-0.261345 -0.353311 0.89826 -0.0779891513246075
0.291978 0.858069 0.422452 -0.1829878829229047
-0.920026 0.372678 -0.121093 9.14669668514018


422.00154282398995 0.0 680.9929203832667
0.0 439.00524941244356 387.05109408769965
0.0 0.0 1.0

-0.261345 -0.353311 0.89826 -0.07799094604740339
0.291978 0.858069 0.422452 -0.18266322371496524
-0.920026 0.372678 -0.121093 9.149993967886761


422.0015918780033 0.0 680.992919825382
0.0 439.00530284484023 387.05110444651405
0.0 0.0 1.0

-0.261345 -0.353311 0.89826 -0.07829566193459866
0.291978 0.858069 0.422452 -0.18098820676859273
-0.920026 0.372678 -0.121093 9.150386026662533


422.0015900148397 0.0 680.9929492698349
0.0 439.00531011860556 387.05111099722563
0.0 0.0 1.0

-0.261345 -0.353311 0.89826 -0.07839571503824812
0.291978 0.858069 0.422452 -0.18051878663419937
-0.920026 0.372678 -0.121093 9.149599861661079


422.0015945897972 0.0 680.9929600076891
0.0 439.0053174403458 387.05110094906536
0.0 0.0 1.0

-0.261345 -0.353311 0.89826 -0.07834462859280326
0.291978 0.858069 0.422452 -0.18082790093831264
-0.920026 0.372678 -0.121093 9.149229074377978


422.001593940636 0.0 680.9929553621888
0.0 439.00531505024264 387.0510963921053
0.0 0.0 1.0

-0.261345 -0.353311 0.89826 -0.07829986822931137
0.291978 0.858069 0.422452 -0.18106127202149286
-0.920026 0.372678 -0.121093 9.149323912140007


