455.97459963103745 0.0 687.9770548855407
0.0 486.96532848281316 384.9799794181687
0.0 0.0 1.0

-0.132097 0.155234 0.979006 0.5430213412931766
0.288637 -0.938837 0.187811 0.1846203587423494
0.948282 0.307387 0.0792112 9.373739108676121


455.99423576372044 0.0 688.0072207619895
0.0 486.99297754474884 385.0114207999557
0.0 0.0 1.0

-0.132097 0.155234 0.979006 0.5530559713437211
0.288637 -0.938837 0.187811 0.17964461189469702
0.948282 0.307387 0.0792112 9.323902298612428


456.0018211047277 0.0 688.0054058041819
0.0 487.0011062405505 385.00578180530806
0.0 0.0 1.0

-0.132097 0.155234 0.979006 0.5378768267574886
0.288637 -0.938837 0.187811 0.1607987491316564
0.948282 0.307387 0.0792112 9.31517430126146


456.0012333723123 0.0 688.0042999301838
0.0 487.0006268132713 385.00590900107204
0.0 0.0 1.0

-0.132097 0.155234 0.979006 0.5342512610463424
0.288637 -0.938837 0.187811 0.1530952334619114
0.948282 0.307387 0.0792112 9.325667531043665


456.00214576275783 0.0 688.003795935806
0.0 487.0016593029415 385.00610410153416
0.0 0.0 1.0

-0.132097 0.155234 0.979006 0.5365237893949915
0.288637 -0.938837 0.187811 0.15619680908235417
0.948282 0.307387 0.0792112 9.33167266466468


456.0021223501225 0.0 688.0039809459857
0.0 487.00161010577165 385.0060364293107
0.0 0.0 1.0

-0.132097 0.155234 0.979006 0.5380789085991525
0.288637 -0.938837 0.187811 0.15950471844212735
0.948282 0.307387 0.0792112 9.330790334187196


456.002130916446 0.0 688.0042445020206
0.0 487.0015941719003 385.00609653477426
0.0 0.0 1.0

-0.132097 0.155234 0.979006 0.5380515189285875
0.288637 -0.938837 0.187811 0.15970209459624757
0.948282 0.307387 0.0792112 9.328817385479555


456.00214247043954 0.0 688.0042517054978
0.0 487.00160527215 385.0060843156122
0.0 0.0 1.0

-0.132097 0.155234 0.979006 0.537576787308938
0.288637 -0.938837 0.187811 0.15886584884992755
0.948282 0.307387 0.0792112 9.328408768753334


456.0021455465293 0.0 688.0041883305628
0.0 487.001614986483 385.0060765062291
0.0 0.0 1.0

-0.132097 0.155234 0.979006 0.5374306852624112
0.288637 -0.938837 0.187811 0.15853000126736466
0.948282 0.307387 0.0792112 9.328820432911613


456.002148976346 0.0 688.004163806193
0.0 487.0016211596758 385.0060757729837
0.0 0.0 1.0

-0.132097 0.155234 0.979006 0.5375134690191402
0.288637 -0.938837 0.187811 0.15865060269623282
0.948282 0.307387 0.0792112 9.32907141582166


