pinhole 1280 720 419 408 678 393
pinhole 1280 720 455 473 672 408
pinhole 1280 720 400 481 664 385
 -1 -1  668.77  698.52 743.431 471.606
 -1 -1 583.228 510.715 697.083 411.118
 442.62 290.638 973.425  567.33 -1 -1
919.105 640.442 950.083 70.1893 -1 -1
1231.55 643.881 760.997 149.363 -1 -1
 -1 -1  762.01 655.731 773.583 555.665
 -1 -1 849.393 708.546 701.264   601.8
 -1 -1 536.478 385.699 1011.92 231.147
965.232 591.461 854.589 159.877 -1 -1
 648.32 455.044 950.953 349.505 -1 -1
 -1 -1 384.743  400.05 877.296 48.9205
 -1 -1 513.444 588.477 562.961 407.357
 -1 -1 665.327 234.813 601.751  532.33
680.051 353.108 858.718  391.06 -1 -1
481.773 570.713 1244.39 362.773 -1 -1
562.379 202.552 922.126 535.444 -1 -1
723.308  215.35 749.796 412.687 713.383 599.683
 -1 -1 723.012 475.995 819.866 562.178
 -1 -1  772.31 545.126 552.241 550.994
 -1 -1  494.63 381.195 907.046 196.687
 -1 -1 684.311  448.68 539.911 509.374
597.147 45.0648 856.956 562.249 809.371 691.277
1124.39 164.931  771.51 315.468 -1 -1
