475.95300730473724 0.0 682.0111832823827
0.0 462.9687754123073 396.0247197889897
0.0 0.0 1.0

-0.132317 0.475578 -0.869665 0.7667227944921069
0.847537 -0.400671 -0.348058 0.2726856545926137
-0.513978 -0.783127 -0.350054 10.923013154393619


475.9840502452426 0.0 681.977699277703
0.0 462.9898135408292 396.0052587633395
0.0 0.0 1.0

-0.132317 0.475578 -0.869665 0.768294488057154
0.847537 -0.400671 -0.348058 0.27907039612287554
-0.513978 -0.783127 -0.350054 10.86780287679119


475.99305546349433 0.0 681.9835648266677
0.0 462.9987433667553 396.0055521971486
0.0 0.0 1.0

-0.132317 0.475578 -0.869665 0.7948340569215729
0.847537 -0.400671 -0.348058 0.2712212814255061
-0.513978 -0.783127 -0.350054 10.858859051397022


475.9921846448136 0.0 681.9830337579756
0.0 462.9979110278512 396.00522810462945
0.0 0.0 1.0

-0.132317 0.475578 -0.869665 0.8031320670760858
0.847537 -0.400671 -0.348058 0.26729941340176244
-0.513978 -0.783127 -0.350054 10.871086291947403


475.99328732417143 0.0 681.9828777034637
0.0 462.99898610551537 396.005218777493
0.0 0.0 1.0

-0.132317 0.475578 -0.869665 0.7986145512833591
0.847537 -0.400671 -0.348058 0.2682535176862532
-0.513978 -0.783127 -0.350054 10.877702281254567


475.9932678492462 0.0 681.98296841891
0.0 462.9989649419765 396.00526044604754
0.0 0.0 1.0

-0.132317 0.475578 -0.869665 0.7947655065627127
0.847537 -0.400671 -0.348058 0.2696366903337188
-0.513978 -0.783127 -0.350054 10.876521621181473


475.9933364144444 0.0 681.9829251931108
0.0 462.99902690578847 396.00531604463424
0.0 0.0 1.0

-0.132317 0.475578 -0.869665 0.7947458193152146
0.847537 -0.400671 -0.348058 0.26985084331819575
-0.513978 -0.783127 -0.350054 10.874288671466406


475.9933554864715 0.0 681.9829397965406
0.0 462.9990458801392 396.00531618817416
0.0 0.0 1.0

-0.132317 0.475578 -0.869665 0.7958058241636001
0.847537 -0.400671 -0.348058 0.2695321431551749
-0.513978 -0.783127 -0.350054 10.87387407724913


475.9933482997215 0.0 681.9829423176129
0.0 462.99903997837384 396.00530273077703
0.0 0.0 1.0

-0.132317 0.475578 -0.869665 0.7961644740560668
0.847537 -0.400671 -0.348058 0.26936747492213997
-0.513978 -0.783127 -0.350054 10.874355960545147


475.99334741208446 0.0 681.9829414778407
0.0 462.9990394137672 396.0052984053689
0.0 0.0 1.0

-0.132317 0.475578 -0.869665 0.7959896259998406
0.847537 -0.400671 -0.348058 0.26940095805021974
-0.513978 -0.783127 -0.350054 10.87463177952077


