426.03350840114797 0.0 661.9454660987991
0.0 493.0560201492295 371.9729325199114
0.0 0.0 1.0

0.984338 -0.126381 0.122908 0.6796452768271093
0.00871302 -0.661461 -0.749929 -0.2718570564987425
0.176076 0.739254 -0.65 9.567254081525519


426.0595842449286 0.0 661.9499734054752
0.0 493.0765875662101 371.9578023069606
0.0 0.0 1.0

0.984338 -0.126381 0.122908 0.6775018480271933
0.00871302 -0.661461 -0.749929 -0.2796508516263185
0.176076 0.739254 -0.65 9.607327170433889


426.06319296308004 0.0 661.9519103909371
0.0 493.08106149004834 371.9599657193611
0.0 0.0 1.0

0.984338 -0.126381 0.122908 0.6626350092998412
0.00871302 -0.661461 -0.749929 -0.2950370925810747
0.176076 0.739254 -0.65 9.610759875685334


426.06324174784316 0.0 661.9515089113529
0.0 493.0811489211098 371.95866924744354
0.0 0.0 1.0

0.984338 -0.126381 0.122908 0.6584599043672994
0.00871302 -0.661461 -0.749929 -0.29830722411762556
0.176076 0.739254 -0.65 9.600629261968272


426.0639190869056 0.0 661.9515879276271
0.0 493.0819454669912 371.9586130713686
0.0 0.0 1.0

0.984338 -0.126381 0.122908 0.6611520289357837
0.00871302 -0.661461 -0.749929 -0.29504464696322935
0.176076 0.739254 -0.65 9.596345768500147


426.0638420210146 0.0 661.9516474959199
0.0 493.0818425726907 371.95884791275336
0.0 0.0 1.0

0.984338 -0.126381 0.122908 0.6631948385710991
0.00871302 -0.661461 -0.749929 -0.29305829622520635
0.176076 0.739254 -0.65 9.597736070708905


426.0638411064526 0.0 661.9516098260842
0.0 493.0818303212473 371.9589311589591
0.0 0.0 1.0

0.984338 -0.126381 0.122908 0.6631322477379306
0.00871302 -0.661461 -0.749929 -0.2933038194988367
0.176076 0.739254 -0.65 9.599388020212823


426.0638491785613 0.0 661.951599438259
0.0 493.0818418092289 371.9589110170648
0.0 0.0 1.0

0.984338 -0.126381 0.122908 0.6625417816734828
0.00871302 -0.661461 -0.749929 -0.2939363439713804
0.176076 0.739254 -0.65 9.59955389299371


426.06385806833083 0.0 661.9516000015225
0.0 493.0818552266335 371.95887544115504
0.0 0.0 1.0

0.984338 -0.126381 0.122908 0.6623625802399118
0.00871302 -0.661461 -0.749929 -0.2940794625094509
0.176076 0.739254 -0.65 9.599150039384085


426.06386176589365 0.0 661.9516042586981
0.0 493.0818600985113 371.95887071685326
0.0 0.0 1.0

0.984338 -0.126381 0.122908 0.6624668324128049
0.00871302 -0.661461 -0.749929 -0.2939513493197958
0.176076 0.739254 -0.65 9.598969402069072


