499.02444847930803 0.0 662.9959784857422
0.0 452.0291959819051 370.9652374489678
0.0 0.0 1.0

0.187118 0.0242251 0.982039 -0.613879422283046
-0.201747 -0.977438 0.0625524 -0.4369321564739812
0.961397 -0.209828 -0.178008 8.989315799210612


499.01623287604826 0.0 662.9988508393675
0.0 452.0174726517207 370.9748531797604
0.0 0.0 1.0

0.187118 0.0242251 0.982039 -0.6130512176637168
-0.201747 -0.977438 0.0625524 -0.4012412522935895
0.961397 -0.209828 -0.178008 9.01355990990118


499.02565592056106 0.0 662.9989429463495
0.0 452.02583078539374 370.9695913910839
0.0 0.0 1.0

0.187118 0.0242251 0.982039 -0.6122623147720601
-0.201747 -0.977438 0.0625524 -0.4070731487115
0.961397 -0.209828 -0.178008 9.035593505716216


499.0266780397037 0.0 662.9988010346736
0.0 452.02678793199965 370.97110220527304
0.0 0.0 1.0

0.187118 0.0242251 0.982039 -0.6122392936640288
-0.201747 -0.977438 0.0625524 -0.41910669494592273
0.961397 -0.209828 -0.178008 9.036424158889357


499.02664182852834 0.0 662.9987626982719
0.0 452.02678726418577 370.9708024464821
0.0 0.0 1.0

0.187118 0.0242251 0.982039 -0.6125141373132532
-0.201747 -0.977438 0.0625524 -0.4215166703072646
0.961397 -0.209828 -0.178008 9.03054292378958


499.02686278471396 0.0 662.9987480293017
0.0 452.0269948191941 370.97086793957664
0.0 0.0 1.0

0.187118 0.0242251 0.982039 -0.6125984927892827
-0.201747 -0.977438 0.0625524 -0.41897111563711337
0.961397 -0.209828 -0.178008 9.02836574701699


499.0268550383524 0.0 662.9987607353519
0.0 452.0269805863007 370.9708902350231
0.0 0.0 1.0

0.187118 0.0242251 0.982039 -0.6125502537979277
-0.201747 -0.977438 0.0625524 -0.41745819582513544
0.961397 -0.209828 -0.178008 9.02927432514842


499.0268765989879 0.0 662.9987659808534
0.0 452.0269955384201 370.97087138046504
0.0 0.0 1.0

0.187118 0.0242251 0.982039 -0.6125108355518872
-0.201747 -0.977438 0.0625524 -0.4176602662560958
0.961397 -0.209828 -0.178008 9.030181983287163


499.0268785366716 0.0 662.9987640688329
0.0 452.02699787176067 370.97086893895215
0.0 0.0 1.0

0.187118 0.0242251 0.982039 -0.6125108684506072
-0.201747 -0.977438 0.0625524 -0.41814825937951455
0.961397 -0.209828 -0.178008 9.03023253535239


499.0268764483057 0.0 662.9987619949786
0.0 452.02699740660415 370.97086952404743
0.0 0.0 1.0

0.187118 0.0242251 0.982039 -0.6125218788866827
-0.201747 -0.977438 0.0625524 -0.4182548575981322
0.961397 -0.209828 -0.178008 9.029997139045083


