19
5
label0  -0.394657     2.0348     2.8919   -8.94275    8.28215 0.00292897    1.17676    9.29313    1.58701   -2.41277    3.34881    5.72825   -1.97699     2.0098    3.74416   0.190641  -0.397404    3.65418    -8.4527
label1   -0.16801    2.00938    2.74045   -9.56159    8.63907  -0.219841    1.11373    8.96053    1.95923   -1.99934    3.93054    5.54165   -1.70565    1.93389    3.52587 -0.0747025  -0.631381    3.42997   -8.08602
label2  -0.493242    2.14258    2.74668   -9.25331    8.26367  -0.213299    1.40762    8.90504    1.74929   -2.29865    3.47256     5.7744   -1.89738    1.90803    3.74167 -0.0111347  -0.596167    3.24934   -8.17779
label3    -1.016   2.44803   2.55733  -9.30534   7.78943 -0.498519   2.07216   8.31267   1.71802  -2.50211   3.09229   6.11543   -2.0189   1.73916    3.9965 -0.208535 -0.823411   2.48454    -7.915
label4  -1.19483    2.5805   2.43149  -9.49084   7.66678 -0.686663   2.35833   7.95592    1.8011  -2.48667   3.07121   6.22196   -2.0033   1.64241   4.05548 -0.367815 -0.988082   2.07761  -7.69944
12
label0 -4.77981 -4.62107 0.350143  -5.0863 -5.55585  1.54103 0.396487 -1.86011  1.73041 -3.28024  3.98927 0.754529  1.65394 -0.82181 -3.03372  1.85927 -1.51226  1.88856 -2.68358
label1  -4.89633   -4.6536   0.29032  -5.10334  -5.52547   1.43436  0.338321  -1.92621   1.74599  -3.24424   4.04136   0.77839   1.58976 -0.847583  -2.93081   1.80403  -1.50478   1.77355  -2.67654
label2  -3.61311  -4.29538  0.949153  -4.91564     -5.86   2.60917  0.978907  -1.19826   1.57449  -3.64073   3.46769  0.515611   2.29651 -0.563752   -4.0641    2.4124  -1.58711   3.04012  -2.75413
label3  -4.24457  -4.47165  0.624948  -5.00801  -5.69538   2.03106  0.663681  -1.55648   1.65888  -3.44562   3.74998  0.644922   1.94873 -0.703422  -3.50642   2.11303   -1.5466   2.41685  -2.71595
label4 -3.63367 -4.30112 0.938596 -4.91865 -5.85464  2.59034 0.968642 -1.20993  1.57723 -3.63438  3.47688 0.519822  2.28519  -0.5683 -4.04594  2.40265 -1.58579  3.01982 -2.75289
label5 -4.70214 -4.59939 0.390022 -5.07494 -5.57609  1.61215 0.435262 -1.81605  1.72003 -3.30424  3.95454 0.738623  1.69672 -0.80463 -3.10232   1.8961 -1.51724  1.96522 -2.68828
label6  -3.51938  -4.26921  0.997275  -4.90193  -5.88443   2.69498    1.0257  -1.14509   1.56196  -3.66969   3.42578  0.496417   2.34813 -0.543021  -4.14688   2.45683  -1.59313   3.13263   -2.7598
label7  -3.33486  -4.21771   1.09201  -4.87494  -5.93254   2.86391   1.11781  -1.04042    1.5373  -3.72671   3.34329  0.458632   2.44976 -0.502208  -4.30984   2.54431  -1.60496   3.31475  -2.77096
label8  -4.65807  -4.58708  0.412649  -5.06849  -5.58758   1.65249  0.457262  -1.79105   1.71414  -3.31786   3.93484  0.729598   1.72099 -0.794882  -3.14124   1.91699  -1.52007   2.00872  -2.69095
label9  -4.28491  -4.48292  0.604235  -5.01391  -5.68486   1.99412  0.643542  -1.57936   1.66427  -3.43316   3.76802  0.653183   1.92651 -0.712345  -3.47079    2.0939  -1.54401   2.37703  -2.71351
label10  -3.69015  -4.31689  0.909597  -4.92691  -5.83991   2.53863  0.940446  -1.24197   1.58478  -3.61693   3.50213  0.531388   2.25408 -0.580793  -3.99606   2.37587  -1.58217   2.96407  -2.74948
label11  -4.48786  -4.53957  0.500039  -5.04359  -5.63196   1.80832  0.542231  -1.69449   1.69139  -3.37045   3.85875  0.694742   1.81473 -0.757234  -3.29156   1.99769  -1.53099   2.17672  -2.70124
