7
26
label0   6.0634 -4.49499 -5.60818 -5.69873  6.27267  5.25161  8.17906
label1  5.97911 -3.96646 -6.07289 -5.73432  5.90186  5.41961  8.05276
label2  6.08737 -4.64532 -5.47599 -5.68861  6.37815  5.20382  8.21498
label3  5.90099 -3.47663 -6.50358  -5.7673  5.55819  5.57531  7.93572
label4  5.99912 -4.09194 -5.96256 -5.72587  5.98989  5.37972  8.08275
label5  6.00621 -4.13642 -5.92345 -5.72288   6.0211  5.36559  8.09337
label6   6.0262 -4.26175 -5.81325 -5.71444  6.10903  5.32575  8.12332
label7  6.03283 -4.30332 -5.77671 -5.71164  6.13819  5.31253  8.13326
label8  5.90555 -3.50523 -6.47843 -5.76538  5.57825  5.56622  7.94255
label9  6.03258 -4.30174 -5.77809 -5.71174  6.13709  5.31303  8.13288
label10  5.95454 -3.81238 -6.20836  -5.7447  5.79375  5.46859  8.01595
label11  5.90477 -3.50034 -6.48273 -5.76571  5.57483  5.56777  7.94138
label12  5.81759 -2.95366  -6.9634 -5.80252  5.19127  5.74155  7.81075
label13  5.94153  -3.7308 -6.28009 -5.75019  5.73652  5.49452  7.99645
label14  5.96868 -3.90104 -6.13041 -5.73873  5.85595  5.44041  8.03713
label15  5.94595 -3.75852 -6.25572 -5.74832  5.75596  5.48571  8.00308
label16  5.99451 -4.06305 -5.98796 -5.72782  5.96962  5.38891  8.07584
label17  5.92829 -3.64782 -6.35306 -5.75578  5.67829   5.5209  7.97662
label18  5.97506  -3.9411 -6.09519 -5.73603  5.88406  5.42767   8.0467
label19  5.98516  -4.0044 -6.03953 -5.73177  5.92847  5.40755  8.06183
label20  6.10378 -4.74818 -5.38556 -5.68168  6.45031  5.17113  8.23956
label21  6.02686 -4.26586 -5.80964 -5.71416  6.11192  5.32444  8.12431
label22  6.03663 -4.32717 -5.75573 -5.71003  6.15493  5.30495  8.13896
label23  5.86382 -3.24356 -6.70851   -5.783  5.39466   5.6494  7.88002
label24  6.05284 -4.42879 -5.66638 -5.70319  6.22623  5.27265  8.16324
label25  5.95273 -3.80105 -6.21833 -5.74546   5.7858  5.47219  8.01324
2
label0 -3.68198  1.54234  -2.3833 -4.47378 -1.52281 0.398294  3.67746
label1  -2.76814   1.67142 -0.950465  -3.44432  -3.24989    1.1491   3.58485
