1.3660770022668203 -4.592140936947828 1.4741322645203354 -5.239446881623735 1.2717353213068918 -4.623375770978214 1.356534851934498 -5.213385040168134 1.653027324732534 -4.528180255207815 1.80355404066961 -5.149958428793127 1.519603349726026 -4.558960352703025 1.6393085633208102 -5.128879008126944

0.07050627183224437 0.0 1.0 0.0 44.70582182683716 0.0 -3.152040826206864 1.1138618830833293 427.9096742158186 15.798053905524064
0.0 -0.03710266233950314 0.0 1.0 0.0 51.837242094719514 1.9232996900514572 -494.39465179787095 -1.2915438243618047 34.81000399765653
0.08952033561970313 0.0 1.0 0.0 47.98029823096504 0.0 -4.295212400769438 4.738937908255727 429.20525847318044 52.936998900311345
0.0 -0.12432566740249686 0.0 1.0 0.0 55.63405913460509 6.916741532219754 -501.34628934968873 -5.4948877256659365 44.19753250048172
0.053114389671288315 0.0 1.0 0.0 41.48580067157827 0.0 -2.2034929826956025 2.2361906150658224 426.99422097855864 42.101408467743816
0.0 -0.09887764352101565 0.0 1.0 0.0 48.10356694113868 4.756367344095223 -498.54194707911427 -2.5929051194294463 26.223370896560105
0.0694904210542083 0.0 1.0 0.0 44.29076606601658 0.0 -3.0777839827409332 5.431574683653751 427.8491197452381 78.16292664879194
0.0 -0.18357024809893996 0.0 1.0 0.0 51.355977125700456 9.42742946232832 -510.3522258373742 -6.298013107167359 34.30846323077845
0.1707003809943625 0.0 1.0 0.0 43.89434833964681 0.0 -7.492781985076974 2.582499553030915 438.2000204561556 15.128844692597402
0.0 -0.035530984991762195 0.0 1.0 0.0 50.89632330852955 1.80839649961124 -494.3382909433705 -2.994456853035767 84.27733860263167
0.19654046459352206 0.0 1.0 0.0 47.046839666640366 0.0 -9.246607725738441 10.121281152014788 442.24059767091944 51.49718747712975
0.0 -0.12094418526638473 0.0 1.0 0.0 54.55169635483755 6.597710470535038 -500.9368141628306 -11.735816051384079 97.03497547679075
0.14650687857650538 0.0 1.0 0.0 40.78609839784054 0.0 -5.975443965581825 6.012049415806099 434.932333987366 41.03595322090374
0.0 -0.09637535896762921 0.0 1.0 0.0 47.29224898128866 4.557807471958191 -498.3007285093752 -6.971084487825559 72.33264355639935
0.16878931443992945 0.0 1.0 0.0 43.49415607896494 0.0 -7.341348786711783 12.891812096822184 437.92377132167474 76.37812938336366
0.0 -0.17937854634379535 0.0 1.0 0.0 50.43229284775977 9.046471379815735 -509.6011011179528 -14.948298843293722 83.33381637870977
