S 2 3
M 2 0.5
M 3 0.33333333333333331483
SOLUTION
                     1                      0                      0                      0                      0
                     0                      1                      0                      0                      0
                     0                      0                      0                    0.5                      0
                     0                      0 0.33333333333333331483                      0                      0
                     0                      0                      0                      0                      1

