M 0 1.1500822883877341862
A 1 0 -3.1924800000000002065
A 2 0 -0.37259799999999998477
A 3 0 0.64322900000000005072
A 4 0 1.0200800000000000978
A 5 0 2.0112999999999998657
A 6 0 0.45929399999999998006
A 7 0 -1.3162300000000000111
A 8 0 1.56245999999999996
A 9 0 0.069497500000000003717
A 10 0 0.97108099999999997198
A 11 0 -0.75021800000000005149
A 12 0 -1.6144400000000000972
A 13 0 0.011181699999999999279
A 14 0 -0.50481500000000001371
A 15 0 -0.01465069999999999914
A 16 0 1.0094700000000000895
A 17 0 1.7464299999999999269
A 18 0 1.5266500000000000625
A 19 0 0.0052183899999999998343
A 20 0 0.38154300000000002102
A 21 0 0.77791999999999994486
M 1 -0.53019756874532109059
A 0 1 -0.91889044661145502513
A 2 1 -0.3860992573734651212
A 3 1 0.23537601691656029335
A 4 1 -1.0571317667794131179
A 5 1 -1.7773069552696194595
A 6 1 0.89129913121403836485
A 7 1 1.5164611725433956302
A 8 1 -2.2278905672125342008
A 9 1 0.052325411186620401915
A 10 1 -1.5001090537858983165
A 11 1 0.43415615307595256667
A 12 1 1.1084084926273973792
A 13 1 -0.011773117306875306026
A 14 1 -0.12507731919383829888
A 15 1 0.51491838826617042368
A 16 1 0.016442660859134372586
A 17 1 -2.3499758426756436336
A 18 1 -0.81956110031937778881
A 19 1 0.35157087128230724016
A 20 1 0.60903178232852561713
A 21 1 -1.3570302562279830116
M 2 -0.76617007074835041802
A 0 2 0.20466339172263459112
A 1 2 -0.80104137171862799249
A 3 2 -0.052277595159182260742
A 4 2 1.7544397785465997153
A 5 2 0.49609777087931949957
A 6 2 -0.057149007295087095315
A 7 2 -1.5228857867909852963
A 8 2 2.2806320970929476744
A 9 2 0.14620880125174329223
A 10 2 0.20969026849701610793
A 11 2 -0.16048878985231698757
A 12 2 -0.78941716322160848662
A 13 2 -0.30436026700304669168
A 14 2 0.2570277626571089713
A 15 2 -0.34128496404964708821
A 16 2 -0.38976253730814702791
A 17 2 1.345465715328139078
A 18 2 -0.15433870161936202869
A 19 2 -0.27481247607714914816
A 20 2 -1.0526828449915743846
A 21 2 0.62480802189617667963
M 3 0.92410690148593688242
A 0 3 0.40289706193385771416
A 1 3 -0.54175491976619449819
A 2 3 0.092856449592540038496
A 4 3 0.38374598031508327933
A 5 3 -0.18334648228571381878
A 6 3 -1.0779597562884613016
A 7 3 0.35633022730682673007
A 8 3 0.30391817148066979648
A 9 3 0.39258180971684225602
A 10 3 1.1696606536477960336
A 11 3 0.6094445465457049016
A 12 3 -0.43785715493909505014
A 13 3 1.0083710528283926777
A 14 3 0.020441931659102182545
A 15 3 -0.10083783369915938488
A 16 3 -0.21348928367308928067
A 17 3 1.4722804488651679566
A 18 3 -0.15735489742846489603
A 19 3 -0.59732867738222050757
A 20 3 -0.84643407829148520349
A 21 3 -0.32747144839297037677
M 4 0.32777688205579064151
A 0 4 0.23104335038045115125
A 1 4 -1.5375690883893922134
A 2 4 -1.3521704366276461329
A 3 4 -0.69366714881148749949
A 5 4 1.1730909845617478737
A 6 4 -3.6603922160601021218
A 7 4 -0.23650993605812931087
A 8 4 -0.71996153195882839348
A 9 4 0.41064573013730315543
A 10 4 1.6738664099468125723
A 11 4 0.75213239381046192999
A 12 4 -0.39742119346828314042
A 13 4 1.1543268287957295648
A 14 4 0.82447844361062661012
A 15 4 -1.2617503437397707966
A 16 4 -1.3338920886353053952
A 17 4 1.7632107268908872033
A 18 4 -0.49718238568857231474
A 19 4 -1.1185955929588995428
A 20 4 -0.92851486528129500986
A 21 4 2.0597789299070363711
M 5 0.77074941852117229146
A 0 5 -0.21668735782283482516
A 1 5 0.68666802094945000867
A 2 5 -1.4820206536270155162
A 3 5 -0.88432495155960832989
A 4 5 -0.43544108758219246536
A 6 5 0.67944701696623499565
A 7 5 1.6214158342468412144
A 8 5 -1.8238997873890445689
A 9 5 -0.49181530314425436767
A 10 5 0.24850024427795336379
A 11 5 -2.8554573230814761509
A 12 5 1.642519532370592783
A 13 5 -0.45138591903157310181
A 14 5 0.78878129663474694233
A 15 5 2.8491715072119099261
A 16 5 1.5626819632845516672
A 17 5 -2.5255907648231130658
A 18 5 -0.0064376229107236948579
A 19 5 0.91632864074163311585
A 20 5 3.4664234047187454379
A 21 5 -1.0105994387024799241
M 6 1.2357147197171332031
A 0 6 0.6544297278487378744
A 1 6 -0.46156293220820132639
A 2 6 -0.59684496454582580682
A 3 6 -0.39094081323046636633
A 4 6 -0.051030157240501861082
A 5 6 1.2345860201281924073
A 7 6 0.72466538392363744059
A 8 6 1.0058823521923847544
A 9 6 0.6234760126987078932
A 10 6 1.9779897862059909741
A 11 6 -1.4315319934243464495
A 12 6 0.47818771304422402757
A 13 6 0.29889048167572673798
A 14 6 0.69655759903891234508
A 15 6 0.70968537863305369839
A 16 6 -0.37631957243518843192
A 17 6 0.87140929958883273088
A 18 6 -0.011678407805450922996
A 19 6 0.2790956984523820239
A 20 6 1.6741122513040598285
A 21 6 1.2834884512981512561
M 7 2.7262884833645331106
A 0 7 -1.3421155115399492352
A 1 7 0.95280588051730052968
A 2 7 3.7369561482935012009
A 3 7 4.1416983915457290522
A 4 7 1.1049223504806022778
A 5 7 -4.9404058153328378467
A 6 7 -2.6733861167933326008
A 8 7 -2.580781213445335176
A 9 7 1.0576426031234467118
A 10 7 -4.8020386552892420085
A 11 7 9.3642443691334467104
A 12 7 -3.8154000994617573994
A 13 7 2.0878282756671846521
A 14 7 -2.7514381096767772661
A 15 7 -6.7238972229759781385
A 16 7 -1.8401697811309032371
A 17 7 1.3942315515340295562
A 18 7 -0.45964236149083398386
A 19 7 -1.4218124192841425923
A 20 7 -7.8691254157433423444
A 21 7 -2.8757223774845184217
M 8 -0.23880882398643218933
A 0 8 2.9639579967799756233
A 1 8 -1.8406874575936196248
A 2 8 -7.5346895037498278214
A 3 8 -7.3967877698235007244
A 4 8 -2.59574411524290527
A 5 8 9.5376666884663752199
A 6 8 5.2868502964053849524
A 7 8 -2.4337753908298349614
A 9 8 -2.4227504169496945075
A 10 8 9.8287296382761457636
A 11 8 -17.673521150557096604
A 12 8 8.780683480448111311
A 13 8 -5.2449721223531806658
A 14 8 6.0008874906079672229
A 15 8 10.400298911828453896
A 16 8 2.2492631424736746482
A 17 8 -3.1904104413022054132
A 18 8 0.98412107429925588242
A 19 8 1.7926485526974538232
A 20 8 13.099649466739098358
A 21 8 6.7031842542421422593
M 9 2.7789029860135863181
A 0 9 -0.89480961885637499975
A 1 9 0.40893184167433349607
A 2 9 1.1055187401081001397
A 3 9 -0.14228639648350949187
A 4 9 0.45127908389567039649
A 5 9 -1.8181007879893673618
A 6 9 -1.1644983124488419435
A 7 9 0.74219606585643571606
A 8 9 -1.1747023658389750267
A 10 9 -2.2600890242053353063
A 11 9 1.9769359793844287765
A 12 9 -2.2352356264253518958
A 13 9 0.79327698667029444834
A 14 9 -1.2852803497614981865
A 15 9 1.136676685661139885
A 16 9 1.2988400460813842585
A 17 9 0.77800066915706445059
A 18 9 0.055276035347937790831
A 19 9 -0.15293706645178661852
A 20 9 -0.64723082412645638328
A 21 9 -1.4863355999566234544
M 10 -0.047416991339047816212
A 0 10 9.2170690899405638419
A 1 10 -2.9140636869444511703
A 2 10 -11.326590475042142003
A 3 10 -0.16821790307396733422
A 4 10 -5.5402131388511657306
A 5 10 17.529581906751381837
A 6 10 12.332905668255122578
A 7 10 -6.7376329607788241205
A 8 10 10.911497752798059224
A 9 10 -6.3433594456935402661
A 11 10 -21.647261006002505468
A 12 10 22.955627340410266868
A 13 10 -9.4165545172397884244
A 14 10 12.042337737738526116
A 15 10 -9.4962446331020835544
A 16 10 -10.735198206691825007
A 17 10 -7.6697131612363813602
A 18 10 -0.11774691877763743264
A 19 10 -1.2130348581911676309
A 20 10 6.9920824258701559373
A 21 10 17.142907885496182274
M 11 -0.20317174275970695252
A 0 11 -2.2150759849442778204
A 1 11 -0.62570132273574685655
A 2 11 -0.22988610712839019357
A 3 11 -1.5989695693843839486
A 4 11 0.16860519840397536484
A 5 11 -4.3621295070620362822
A 6 11 -4.0042605352668765306
A 7 11 1.0630806862928512402
A 8 11 -1.966582812487423837
A 9 11 2.7227590339642890882
A 10 11 -1.975565286574521684
A 12 11 -4.453770934672633075
A 13 11 -1.7605443508505267403
A 14 11 1.0098981272009410759
A 15 11 1.1912716072020934632
A 16 11 0.19609202248105717103
A 17 11 2.3098351000248502629
A 18 11 0.90004549865681826581
A 19 11 0.0056339378211283097642
A 20 11 -3.9490082571563682734
A 21 11 -1.6646562856230175953
M 12 -1.4089643381196748084
A 0 12 0.14824023974493405476
A 1 12 0.321806154590210447
A 2 12 0.68764266302387666574
A 3 12 0.71864735733452012045
A 4 12 -0.26970742378897999414
A 5 12 0.51330069341824557938
A 6 12 0.8586494944478741953
A 7 12 -0.059233669398319754862
A 8 12 0.12449782962870659109
A 9 12 0.48260901701907088501
A 10 12 0.6336130955281338295
A 11 12 -0.47893808953920041782
A 13 12 0.80385223777092928987
A 14 12 -0.93419496546136937543
A 15 12 -1.7168238442966723412
A 16 12 -0.43160578898111923163
A 17 12 -0.21458421516793380057
A 18 12 -0.0056503465993851254012
A 19 12 -0.58132779897435316041
A 20 12 -0.5331545922740577037
A 21 12 0.28884690482046215809
M 13 -22.13604797078694375
A 0 13 -0.47219211142052724961
A 1 13 -0.22242005909259074392
A 2 13 0.19227461231711490131
A 3 13 -0.43662616429837941556
A 4 13 -0.21359215066260081595
A 5 13 -0.34092927695499603002
A 6 13 -0.42860704749221467669
A 7 13 0.65091847828218862837
A 8 13 0.27677855922623539886
A 9 13 0.30827456899697602832
A 10 13 0.075015154421796792494
A 11 13 0.0598373698841100643
A 12 13 0.39312765509830049915
A 14 13 -0.069220218791340659692
A 15 13 -0.33935085044804785825
A 16 13 0.32108040854642866391
A 17 13 -0.42282137615138648545
A 18 13 0.49633306416217665147
A 19 13 0.69723419446463275051
A 20 13 0.34359390041555626372
A 21 13 0.56860747586300963707
M 14 16.95714687456696268
A 0 14 -0.50030684692492577437
A 1 14 0.54910282764602991179
A 2 14 0.90132983190295634657
A 3 14 -0.57802813996109303485
A 4 14 0.34345092588748615814
A 5 14 -0.9161397026032872537
A 6 14 -0.62735847541022438101
A 7 14 0.40668222080898291937
A 8 14 -0.029980051628561182886
A 9 14 0.80934712751472748238
A 10 14 0.093818385959980543642
A 11 14 -0.077980044571968512579
A 12 14 0.048017780532384091163
A 13 14 0.69848941596593006054
A 15 14 0.2408207799895433765
A 16 14 0.42033873272063082549
A 17 14 -0.13093829169050780203
A 18 14 0.95475643520374520179
A 19 14 0.63378730453236953313
A 20 14 0.54658086072767275709
A 21 14 0.88053172354414521728
M 15 0.31039247035944528275
A 0 15 13.328389932609322699
A 1 15 -6.7962169469105866426
A 2 15 -16.545816406580442504
A 3 15 16.038891321126428124
A 4 15 -3.565851391368001444
A 5 15 20.643251566377127659
A 6 15 16.401068533713640818
A 7 15 -13.963172373913936397
A 8 15 -1.6025231962882722225
A 9 15 -17.189993045432913732
A 10 15 -1.2029229233061204951
A 11 15 0.68006401794590209953
A 12 15 -3.1554920053086821241
A 13 15 -22.324454164629429442
A 14 15 -16.324263565225333394
A 16 15 -11.659157867285948385
A 17 15 6.6625295624761760038
A 18 15 -23.136641331041079894
A 19 15 -20.070294150361259966
A 20 15 -14.67458994134837269
A 21 15 -21.686448012047197409
M 16 -0.34757466786895302446
A 0 16 -1.7099835284529021351
A 1 16 -0.48728364923311451307
A 2 16 2.3540647720883898231
A 3 16 -2.2728891964710067342
A 4 16 -0.42720498230510961513
A 5 16 -3.6280178580937221255
A 6 16 -2.866359177908185174
A 7 16 3.1162194159088825174
A 8 16 1.5522920418813130894
A 9 16 1.1723237423310317595
A 10 16 -0.16966835022409310074
A 11 16 -0.0051152993537787461165
A 12 16 -0.66514468518832359223
A 13 16 5.4795337549366003316
A 14 16 1.1019900325680112019
A 15 16 -0.439096567282308059
A 17 16 -1.7718416320386329854
A 18 16 3.6045150162492332058
A 19 16 4.4389867919537522312
A 20 16 2.805822526625066704
A 21 16 4.9724243116344757354
M 17 -0.19908965534892639204
A 0 17 25.505481863677317733
A 1 17 -19.218788423545095867
A 2 17 -15.991221833329973379
A 3 17 26.405933383298304307
A 4 17 -9.3927251821936170728
A 5 17 14.819351806037900587
A 6 17 16.586592406972989977
A 7 17 -13.186633348092321683
A 8 17 9.6138705563813218191
A 9 17 -39.929577535333052651
A 10 17 -7.5179363161546675087
A 11 17 -0.46754279263928333332
A 12 17 -28.720897761589448294
A 13 17 -12.573174537616935709
A 14 17 -27.748614318040612403
A 15 17 -2.6408439579639271244
A 16 17 15.298648234979006943
A 18 17 -28.124233997173810451
A 19 17 -13.340643317213690011
A 20 17 -11.840173325463155152
A 21 17 -5.9916079330841540695
M 18 0.32625833894390587897
A 0 18 0.99368615007851568421
A 1 18 -1.3771069609435184766
A 2 18 -0.94868666484024899432
A 3 18 2.3197982118590321221
A 4 18 -0.63484929306831550111
A 5 18 0.93675852138012882797
A 6 18 0.75618583345770495896
A 7 18 -1.3963916933736295611
A 8 18 0.0039642142084834741667
A 9 18 -3.4086439582996321818
A 10 18 -0.76935367963241885203
A 11 18 0.39745655436667925997
A 12 18 -1.7966026460793220743
A 13 18 -1.6529761955160147124
A 14 18 -0.99203983524157468565
A 15 18 0.43046080770081368572
A 16 18 1.5713889381634249531
A 17 18 0.1275764465920175561
A 19 18 -0.93796144696281813502
A 20 18 -1.1663342273623689138
A 21 18 -0.92637401100939020804
M 19 3.0426306694664582153
A 0 19 0.54772563023262255122
A 1 19 -1.261260054137628206
A 2 19 -0.80787205032884323863
A 3 19 0.49090302863138379763
A 4 19 0.62753750270433683589
A 5 19 0.34455773093587538369
A 6 19 -0.61070297138600659892
A 7 19 -0.22006612952606463551
A 8 19 0.68902352270218170105
A 9 19 -0.299222158589974363
A 10 19 -0.037588335181146570463
A 11 19 -0.82626563509271877539
A 12 19 0.20005155699642696021
A 13 19 -0.56821564333756979792
A 14 19 -0.1689700954761264029
A 15 19 -0.049642152198945299624
A 16 19 -0.64805651703006406095
A 17 19 1.4831190075777280768
A 18 19 -1.7257258962749553177
A 20 19 -0.72093199571869437392
A 21 19 -1.3597138079821109446
M 20 2.9499466031370591423
A 0 20 -1.5695968707932350661
A 1 20 0.35053274433737402482
A 2 20 1.7901437968999844852
A 3 20 0.45031435509166584108
A 4 20 1.6750810875133677058
A 5 20 -1.5909736700617198579
A 6 20 -2.4340684133751011586
A 7 20 -1.2075214033768273403
A 8 20 -0.78042216664305230633
A 9 20 0.62913369843947630766
A 10 20 0.36000878777808659192
A 11 20 -0.35582705243493306657
A 12 20 1.2728630765630044586
A 13 20 -1.9814655604922892795
A 14 20 3.8029152664251171245
A 15 20 0.7516994244357436683
A 16 20 -0.83543489646292579121
A 17 20 1.38833973729244331
A 18 20 0.14135372362261433565
A 19 20 1.2685147869527266806
A 21 20 -0.48983742991890366625
M 21 -17819.493512249286141
A 0 21 3.5295929221948147969
A 1 21 -2.7780466434893100747
A 2 21 -3.6085353526498384902
A 3 21 1.0058754371284786
A 4 21 -2.2361245382116368141
A 5 21 1.8287336281618158385
A 6 21 2.3436262237602996095
A 7 21 1.0899285883479736814
A 8 21 1.9943733789518334198
A 9 21 -2.7522337153081917194
A 10 21 -1.0379441367123825035
A 11 21 0.30496345179842709872
A 12 21 -2.8580131690397800881
A 13 21 2.0046913694118591032
A 14 21 -6.5568448828140999396
A 15 21 -1.0276112305653075651
A 16 21 0.40289406745160066814
A 17 21 0.0030125945636806372718
A 18 21 -1.4460639269029935683
A 19 21 -0.99782831690099638156
A 20 21 -0.70342786932131506905
SOLUTION
-85104.432538483844837  122404.31156013706641  52545.750854120262375  58738.471214922064974  67556.876521582933492  120582.08881628322706 -25754.709983503660624 -38341.759977087771404 -100601.33484514987504 -76948.735390197965899  87244.629294395897887  77646.727802116089151  78959.673804929101607 -74615.814628308580723 -100761.21429510094458 -29577.612633957178332  36367.246173895218817  109364.51657424058067 -34196.821403145462682  60861.323148640782165  90879.090475546312518 -62895.558177931503451
 66983.776084510769579 -96341.824972992340918 -41357.992754076287383 -46230.479088783278712 -53173.075342817552155 -94909.608470116785611  20270.413939680998737  30178.047771341553016  79180.647516278564581  60562.236885787438951 -68668.535761772785918 -61116.554630241531413 -62148.306949602716486  58729.145363190727949  79306.900500136413029  23279.474471543886466 -28624.480749938866211 -86076.671047612151597  26915.208492414294597 -47899.093205007222423 -71531.072003252906143   49503.38414038366318
 87008.733798817935167 -125142.07326758110139  -53722.94705131171213 -60051.893217902696051  -69067.35467719870212 -123279.22984212062147  26329.925515521070338  39199.073171819967683  102852.79393930769584  78669.077106286233175 -89195.414456186510506 -79382.709201169447624 -80727.778485153627116  76285.905704438846442  103017.05568659411801  30239.188060633012356 -37181.095102434592263 -111814.15244196708954  34962.074992152622144 -62224.494042045407696 -92911.133716836804524  64302.272305265985779
-24252.174095820300863  34884.454253402436734  14973.839570703781646  16738.957641043292824  19253.094705584142503  34365.973259674683504 -7339.9470218774540626 -10927.342240349806161 -28667.857355219515739 -21927.099232211257913  24864.036960613168048  22130.522640301212959  22500.986645486980706 -21264.242025608422409 -28713.055317160058621 -8429.5252457117912854  10365.617873482706273  31163.069341190563136 -9744.4043098390575324  17339.677950965626223  25901.681306505186512 -17924.190826041838591
 53917.133058409424848 -77547.006167226965772 -33290.684861403467949 -37212.328106006854796 -42798.572709117259365  -76393.56913617180544  16316.523328255740125  24289.294189879194164  63735.049285775166936  48747.824314884222986 -55270.810791577700002 -49189.770772551397386 -50024.977956706214172  47272.904325976756809  63836.621913398630568  18738.194422032167495 -23040.158970396452787 -69288.627811758604366  21664.595558623233956 -38559.284774801031745 -57573.176662776662852  39846.606701243690623
-44094.915914667915786  63418.926533318583097   27226.25247618184585   30434.52786494402244  35001.715633567277109  62473.845109067136946 -13343.551418685237877 -19865.158579213719349 -52125.591083151179191  -39871.09080007718876   45202.37474530779582  40228.061349263538432   40911.55987560677022 -38659.941578803001903 -52208.235421490571753  -15324.02398668024216  18841.262137536803493  56668.201872673802427 -17718.458433112748025  31538.357676036896009  47083.489391150251322 -32587.107022661577503
-56509.106668952881591  81274.236172188786441  34890.724730210378766  39003.118452700597118  44856.046848610334564  80062.699102653423324 -17100.712785148753028 -25457.796830865929223 -66800.707594088904443 -51095.771463376826432  57928.350930227898061  51552.539993902202696  52429.190507597850228 -49544.308201908628689 -66906.097343109649955 -19638.994024742871261  24146.298374398560554  72622.321199198835529 -22706.716986362916941  40417.555538185617479  60339.005674685133272 -41762.232289433952246
 -26280.48588549883425  37795.724535292756627  16227.582127303283414  18138.151036937910249  20858.985577173800266  37232.406871247054369 -7951.6136296671329546 -11839.693270554176706 -31066.038060168804805 -23762.749163148917432  26939.855848986240744  23974.957087170143495  24384.167080982351763 -23041.235135907780204 -31115.820077132790175 -9133.0553686703715357  11228.944156924979325  33775.352994815337297 -10560.697657593900658    18797.3023394628799  28061.080908173578791 -19421.975408881738986
-48088.090053591287869  69162.399169111900846  29691.531309548510762  33190.195080142017105   38171.96194620939059  68133.038559324981179 -14551.995703206792314 -21665.052075288938795 -56843.644564660811739 -43481.147865640406962  49297.441394637506164  43874.945434329667478  44616.461059145702166 -42160.442210423425422 -56934.739607679483015 -16711.823085899930447  20548.005490868756169  61796.151258739722834 -19323.134075459933229  34389.758147914282745  51350.949331150397484 -35538.723487234885397
 66360.207878865854582 -95446.587292811382213 -40972.753523278843204 -45801.700922998163151 -52678.608330914248654 -94026.278933633409906  20082.649404671934462   29897.14100380626769  78443.177274932822911  60000.192511191227823 -68030.414028852625052 -60547.863585072722344 -61569.161344416686916  58182.171057045525231  78568.109140462504001  23063.669147818342026  -28358.90410474676537 -85275.248799532826524   26663.80888841952401 -47452.958953951339936  -70865.59135688203969  49043.410834128073475
 25026.061313065703871 -35995.496859263177612 -15451.955309382639825  -17272.61495699299121 -19866.173231387190754 -35459.637237680544786  7573.4848205015696294  11274.991665087394722  29583.518209834637673  22627.213704594701994 -25655.452517861263914 -22833.031612624403351 -23219.438663183027529  21942.290239741549158  29630.412671727237466   8698.439571243352475 -10695.078963911713799 -32160.685086443882028  10055.869996399505908 -17896.400302686601208 -26725.029954949906823  18495.638810223485052
-7351.7816998860780586  10575.654355612197833  4540.1430623743144679   5074.887703709937341   5836.091670281522056  10418.361091926361041 -2224.7828167653551645 -3312.2388642896789861 -8691.2446072857055697 -6646.4836408692026453   7537.288360390651178  6708.1354938077547558  6822.5018497938362998 -6446.7303435549811184 -8704.8828574406252301 -2555.9543848921553035  3143.6466287608122911  9449.0911182624895446 -2953.9433419518650226  5257.2994547999551287  7851.4743422152105268 -5434.2942507952193409
 68909.905129156119074 -99113.574510490827379 -42546.718913768403581  -47562.16608402987913 -54702.177844873993308 -97637.375046476794523   20854.05111685430893  31046.492623023830674  81458.229056763200788  62307.074920489751094 -70644.226169182817102 -62872.094995390238182 -63934.594118874985725  60417.283679336651403  81587.540849242825061  23950.552157616548357 -29447.745444648171542 -88553.973397771638702  27689.231175441338564 -49279.222636111946485 -73587.414513054012787  50928.347123627383553
-48336.761335064220475  69518.057236208653194  29846.067388218463748  33361.970175115762686  38367.099830830855353  68482.612088377223699 -14626.148560756477309 -21775.898013384849037 -57138.489456520932436 -43706.471013103167934  49550.270078728935914  44097.808591978558979  44848.349262966279639 -42378.597879086402827  -57229.57881513616303 -16798.333963479133672  20653.492737847944227  62120.141471238181111 -19423.496547981390904  34571.584702151754755  51613.084933431404352 -35722.584851296756824
 158098.35367794986814 -227386.60013875301229 -97615.555781149596442 -109115.94582787576655 -125497.35379985620966 -224003.42945760631119  47843.601485081955616  71224.263547693219152  186886.10436334504629  142943.99000995143433 -162070.38863024103921 -144239.90599248340004 -146684.84592982582399  138614.55272012209753  187184.38115144986659   54945.12758642584231 -67558.794857858549221 -203168.71976459631696  63526.910469155598548 -113063.86103562181233 -168821.41249145340407  116839.65485013078433
 24778.599063312361977 -35636.422995797933254 -15298.690106393749375  -17101.08431540102174 -19668.520887966911687 -35106.238267584652931  7498.8282824369216542  11162.261604859028012  29289.568313072362798   22403.38142541560228 -25400.185093205072917 -22605.411448393351748 -22988.973858292098157  21724.555313362001471  29337.154384156816377  8610.8617573116316635 -10587.163932170404223 -31841.480509191307647   9956.501669721044891 -17720.834222404635511 -26457.811807317346393  18311.511656173002848
-9714.1400072532578633  13971.103700169956937  5997.4711003166858063  6705.1522974769186476  7710.4794867910313769  13761.644026808409762 -2939.6140866031209953 -4376.1695932829998128 -11483.572644945192224 -8784.6357701828437712  9957.3661079513603909  8860.2835119604915235  9012.3213845839709393 -8516.4346471730896155 -11501.250596594862145 -3376.3373719644669109  4149.8267452624786529  12485.405076034907324 -3902.9058647169858887  6949.2500179570088221  10371.681399343662633 -7179.3682210775241401
-72.365362254974911593  105.39069836525949597  44.946714626807654724  48.784446529128793202  58.519738168257383393  104.93232191980578705 -21.672644532298438236 -34.343600022123730753  -84.93672862357648512 -64.383946089692543069  76.183833997378172853  70.555413772466835098  67.036032461342799138 -64.018805537727601518 -85.137402903989936931 -25.642450711843238764  32.133964039495076292  90.087415238134610718 -29.335125932354841893  47.465468720592916441  81.667023998465211321 -53.682909282544585494
 34868.696575437919819 -50147.961886436576606 -21528.989635387199087 -24064.917619293464668 -27677.944241860124748 -49401.513620453013573  10551.246156433691795  15709.751197805415359  41216.800726100773318   31528.17868125705354 -35745.127444434074278 -31813.569307363621192 -32350.636902056023246  30570.026957747577399  41283.027449873290607  12117.445249088310447 -14898.288044153781811 -44807.414321984484559  14011.764678150553664 -24936.028145961834525 -37234.378342498304846  25768.126763745618518
 24059.171371393633308 -34602.720308927753649 -14855.501103817799958  -16605.15861894677073 -19096.622662878355186 -34087.314011869653768  7280.4183445841154025  10837.831015736981499  28439.871164383202995  21753.016310770261043 -24662.521953952124022 -21948.278009681904223  -22322.69964179758972  21094.349669927913055  28485.175478742461564  8362.0063099063481786 -10281.480666465542527 -30919.822447388181899  9667.2852790179003932 -17207.533077989257436 -25689.405023390452698  17780.795219355928566
   16960.4856938330704 -24393.446188372745382 -10472.284664397198867 -11707.425363478805593 -13462.555453380977269  -24027.99241671231357  5131.8291909895087883  7641.7143047626932457  20050.897557408199646  15338.082433743431466 -17386.769994466700155 -15471.609076755268688   -15736.2872885980305  14869.737155985952995  20081.883348193659913  5894.8173802124156282 -7246.4941827622396886 -21799.797327318603493  6815.7850706849076232 -12133.431364553576714 -18109.660606231318525   12534.72835370651228
-24110.455253308151441  34680.404088006849634  14886.575497208816159  16641.050552142183733  19140.573158141232852  34165.202063213590009 -7296.5574884171492158 -10862.896506290429897 -28501.362460530483077 -21798.448883731682145    24718.1445214484811  22000.026360965617641  22370.529459991365002 -21140.124717015605711 -28545.888507461328118 -8380.4753389437773876  10305.508914679405279  30983.087103584333818 -9688.1680720228087011  17239.806805592310411  25749.065885475873074 -17819.493512249286141

