22
    0.869503     0.798978     0.462059    0.0396249      1.67986      1.09108     -1.17029     -1.07948     0.182132     0.824079     0.134861      1.91398     0.512572     0.817982     -1.39069      -1.0669      1.27073      1.52798      1.31684      1.11468    -0.335037    -0.205946
     3.19248      1.04745     0.185667     -0.73602     0.613426    -0.136088      -1.5834    0.0580462     -0.17686    -0.500612    0.0635286     0.634412      1.71647     0.237318    -0.727856     0.810311     0.783026     0.647811      1.13216     0.499357    -0.599876    -0.946131
    0.372598     0.728476    -0.797911     0.318628     0.176106     -1.24355      1.28499     -1.43488     -1.38669     -0.44504    -0.728411    -0.130529     0.313933      2.18894    -0.287545      1.36407      -1.0068     0.760157     0.213113      1.17572     0.737439     -2.01755
   -0.643229    -0.826433    -0.478084      0.93795     -1.11791    0.0622438   -0.0130542     -0.66617     -1.32686   -0.0374079     0.891884    -0.181684     -0.81459     0.867368      1.13468    -0.613379     -1.01897     -1.03302     -1.08765    -0.412902    -0.386812    -0.127257
    -1.02008      0.11979     -1.44971     0.226753      1.66776     -1.52506      1.91418     -1.26466     -0.32519   -0.0664723     0.340942     0.135338     0.382055      1.32925    -0.317359    -0.483435     0.598523     0.533366     0.302766     0.846276     0.836671     0.140129
     -2.0113   -0.0708574    -0.141218     0.968419    -0.336532      1.41084    -0.181118     0.742708     0.365594     0.907394    -0.696146     -1.41423       -1.613      -0.2774     0.214942   0.00811867    -0.341849    -0.940317    -0.212212    0.0342309      1.09719      1.18133
   -0.459294     -1.31334     -0.90089     0.635153     0.969586      -0.2284     0.545708     0.630089     0.197664     0.759625    -0.138603     -2.62848     -0.96101     0.151136     0.354102       1.2405      -1.2219    -0.700649        1.493     -1.36492     0.674662    -0.629905
     1.31623     -0.30699      1.00759     -1.14651    0.0275225    -0.634039    -0.790403     -1.86686     0.398982    -0.205058     0.975744     0.441705     0.578317     0.150826     -1.08306       1.0131    -0.627814      1.31459      0.95831     -1.22374     -2.11336     -1.86608
    -1.56246     0.792161      -1.3263     0.877905      1.11455     0.237453    -0.302397      0.18251      1.07341     0.571198     0.717247      -0.4508     -0.37267    -0.206159    -0.313654     -1.42609      1.11865    -0.152547     0.545114     0.238044     0.401686      1.61175
  -0.0694975    -0.116186    -0.225055    -0.406628     -1.15961    -0.641532    -0.192061    -0.916665    -0.395476    -0.114814      2.28523      0.72343    -0.374997   -0.0674153    0.0478507     0.135955      0.18012     0.440591    -0.685792    -0.207834    -0.977721    -0.271019
   -0.971081     0.607792     0.475921    -0.493333    -0.213665    -0.700253    -0.117145    -0.352256  -0.00871763    -0.515644      1.92672    -0.370119    -0.790954    -0.385622      -1.5173        1.375    -0.670106     0.775533     0.185217     0.255906     -1.34955    -0.679928
    0.750218     0.255212     0.211382    -0.793071    -0.797362      2.10751     -1.76811      0.46034   -0.0561867   -0.0316559      1.69547     0.763556    -0.206448    -0.551579     0.814034     -1.76028      1.54093      0.64882    -0.182611    -0.510088     0.101767      1.89847
     1.61444     0.375085     0.759459   -0.0799125      1.57262     0.189399     -1.09314     -0.60661      -1.1656     0.118188      0.10082       2.7252      1.02444     0.704444     -1.40344     0.515766      1.38623    -0.168547    -0.745587      1.32784     0.156598    -0.876139
  -0.0111817   0.00149836     0.307849     -1.03164     -1.44879    -0.638995     0.204509   0.00869782      1.24339    -0.106657    -0.695366    -0.213632     -0.27587     -1.14293     0.140485       1.9667    -0.602168       -0.467    -0.670082    -0.398866     -0.15449    -0.584325
    0.504815     0.588947     0.111426    0.0848879     0.173985    -0.767841     0.301447     -1.07997     -1.39269    -0.572891       1.2893      0.98267     0.754049       1.1719    -0.675291     0.524281     0.710627     0.587695    -0.829372      0.84966      -0.2227    -0.205253
   0.0146507    -0.501456   -0.0634005    -0.170844     0.283105     -2.62343      2.19794     0.768184      2.89753    -0.377054     -1.23025    -0.972901      1.75838     -1.44608   -0.0766925     0.510147    -0.816566      0.11248      1.56429    -0.487198     -1.02287    -0.525398
    -1.00947    -0.944035    -0.159847     0.123609   -0.0147925     -1.26721      2.11786     0.887887      1.72694   -0.0831171      -1.8773    -0.936851     0.352597      -1.4225     0.819006     0.282991     -1.36181    -0.919719   -0.0513693     -1.28583     0.138059     0.068184
    -1.74643     0.745198    -0.391101    -0.328618    -0.970703     0.342549    -0.218876     0.554135      1.07988     -0.59662     0.935723    -0.538308    -0.175322    -0.933448     0.341003     -1.58574     0.901586     0.297667    -0.240791    0.0998552     -0.64115      2.51813
    -1.52665    -0.583263 -0.000429725     0.456492      0.26917     0.596398     0.197187     0.253585     0.425659     0.386883     0.684129     0.294613    -0.828009    -0.947776    -0.299311     0.444564     0.763959    -0.324989    -0.438596    -0.411675      0.48859   -0.0640758
 -0.00521839    -0.356366  -0.00958342     0.407258     0.841407    0.0395745    -0.292593     -1.41296      0.42175      1.25818      1.61815       1.3705    -0.243755    -0.223937    -0.940812     0.472144     0.855004     0.488736    -0.119471    -0.668746    -0.381221    -0.883141
   -0.381543    -0.959628     0.362069     0.446653     0.340581     -1.81027      0.77568     -2.17764      1.04575     0.664532    0.0906578      1.19411     0.618172    -0.221866    -0.978483     0.941296    -0.438191     0.292271    -0.308675    -0.952803     -1.90709     -2.16091
    -0.77792     0.642207    0.0488381     0.984277     -0.14381      1.28123     -1.65316    -0.970159     -1.78127    -0.289528     0.812679     0.844003    -0.204755     0.507606    -0.691076    0.0230571     0.104756    -0.893325     -2.01435     0.576726    -0.845192       0.2431
