iter      cost      cost_change  |gradient|   |step|    tr_ratio  tr_radius  ls_iter  iter_time  total_time
   0  1.032697e+09    0.00e+00    1.86e+08   0.00e+00   0.00e+00  1.00e+04        0    1.45e-03    1.85e-03
   1  1.030287e+08    9.30e+08    2.17e+07   1.42e+03   9.01e-01  2.06e+04        1    2.37e-03    4.70e-03
   2  8.710281e+06    9.43e+07    6.76e+06   4.63e+02   9.17e-01  4.91e+04        1    1.74e-03    6.81e-03
   3  2.001995e+06    6.71e+06    4.19e+06   1.38e+02   7.99e-01  6.25e+04        1    1.58e-03    8.53e-03
   4  8.204158e+05    1.18e+06    3.86e+06   6.57e+01   6.59e-01  6.46e+04        1    1.50e-03    1.01e-02
   5  7.365338e+05    8.39e+04    2.44e+06   2.94e+01   2.57e-01  5.80e+04        1    1.60e-03    1.19e-02
   6  8.895648e+05   -1.53e+05    2.44e+06   3.58e+01  -5.33e-01  2.90e+04        1    3.20e-04    1.24e-02
   7  8.895452e+05   -1.53e+05    2.44e+06   3.58e+01  -5.33e-01  7.25e+03        1    2.81e-04    1.28e-02
   8  8.894276e+05   -1.53e+05    2.44e+06   3.58e+01  -5.32e-01  9.06e+02        1    2.78e-04    1.32e-02
   9  8.883327e+05   -1.52e+05    2.44e+06   3.58e+01  -5.28e-01  5.66e+01        1    2.67e-04    1.35e-02
  10  8.703439e+05   -1.34e+05    2.44e+06   3.50e+01  -4.66e-01  1.77e+00        1    3.01e-04    1.39e-02
  11  6.486699e+05    8.79e+04    1.27e+06   2.05e+01   3.65e-01  1.73e+00        1    1.45e-03    1.56e-02
  12  6.316326e+05    1.70e+04    7.66e+05   1.14e+01   2.43e-01  1.53e+00        1    1.55e-03    1.73e-02
  13  6.235019e+05    8.13e+03    4.85e+05   7.31e+00   2.68e-01  1.39e+00        1    1.67e-03    2.10e-02
  14  6.201832e+05    3.32e+03    2.87e+05   4.16e+00   3.11e-01  1.32e+00        1    1.62e-03    2.28e-02
  15  6.191998e+05    9.83e+02    1.66e+05   2.11e+00   3.30e-01  1.27e+00        1    1.80e-03    2.48e-02
  16  6.189449e+05    2.55e+02    9.07e+04   9.92e-01   3.45e-01  1.23e+00        1    1.67e-03    2.69e-02
  17  6.188854e+05    5.95e+01    4.85e+04   4.40e-01   3.54e-01  1.20e+00        1    1.50e-03    2.88e-02
  18  6.188723e+05    1.31e+01    2.49e+04   1.86e-01   3.60e-01  1.18e+00        1    1.62e-03    3.08e-02
  19  6.188695e+05    2.80e+00    1.25e+04   7.54e-02   3.64e-01  1.15e+00        1    3.03e-03    3.41e-02
Ceres Solver Report: Iterations: 20, Initial cost: 1.032697e+09, Final cost: 6.188695e+05, Termination: CONVERGENCE
Initial angle: 0        tx: 0   ty: 0
Final angle: 41.9793    tx: 1247.89     ty: 508.004