pinhole 1280 720 491 450 646 400
pinhole 1280 720 474 439 647 385
pinhole 1280 720 440 406 667 361
 -1 -1 914.398 584.167  555.37  473.82
 -1 -1 1044.53 155.983 849.995 453.722
 -1 -1 783.516 280.106 697.193 326.517
 -1 -1 723.707 292.583 713.322 139.775
717.671 670.826 477.467 447.884 267.903 366.453
930.292 441.079 432.077 472.383 203.399 568.285
 -1 -1 705.498 265.458 728.194 114.816
 -1 -1 359.504  245.74 128.257 20.4834
310.751  74.517 764.306  467.47 519.876 469.298
633.923 686.874  339.27 565.634 -1 -1
 -1 -1 1060.95 272.262 792.084 440.559
 -1 -1  695.62 315.397 657.296 162.936
570.046 375.057 590.354 614.183 -1 -1
 -1 -1 620.516 137.065 594.302  515.46
 -1 -1  679.23 106.707 847.023 155.141
 -1 -1 634.351 178.303 632.412 369.706
 -1 -1 551.784 328.857 468.121 164.509
 -1 -1 1116.57 288.483 811.201 428.611
 -1 -1  539.25 283.543 479.352 195.472
1034.42 611.532 31.2464 449.231 -1 -1
 -1 -1 405.902 483.134 123.007 189.423
476.916 84.7034 795.455  625.81 -1 -1
621.478  591.97  543.45 466.441 -1 -1
128.825 485.777 647.163 638.221 -1 -1
163.564 604.239 592.923 601.887 -1 -1
86.4301 315.893   733.9 661.601 -1 -1
