pinhole 1280 720 475 406 686 394
pinhole 1280 720 478 471 680 406
pinhole 1280 720 436 433 641 373
 -1 -1 552.033 310.958 608.344 710.446
 -1 -1  792.61 316.176 843.791 621.728
 -1 -1 780.084 325.473 760.704 514.592
 -1 -1 589.812 268.397 646.445 631.166
 -1 -1 1220.79 283.537 980.263 301.683
 -1 -1 702.227 192.214 712.311 502.048
 -1 -1  1175.9 383.065  1146.1 372.638
 -1 -1 761.241 337.566 791.484 609.007
 -1 -1 612.292 330.746 624.683 555.561
 -1 -1 891.925 343.426 938.299 570.441
 -1 -1 981.038 570.597 867.257 369.308
319.202 38.5538 946.683 660.648 -1 -1
 -1 -1 574.008 284.979  627.86 639.121
 -1 -1 757.986 131.734 778.279 522.518
 -1 -1 601.543  415.47 597.001 654.088
 -1 -1  147.53 359.443 399.614 418.138
669.102 415.172 652.289 690.145 -1 -1
276.061 453.037 702.704  528.19 -1 -1
353.661 61.5101 922.713 651.059 -1 -1
275.163 325.584 764.541 550.135 -1 -1
382.635 444.215 688.613 567.615 -1 -1
592.209 432.688 699.393 543.192 622.543 569.439
133.591  417.65 732.315 507.172 -1 -1
485.088 497.129 674.886 530.576 618.083 664.468
880.024 630.632 534.306  601.71 431.167 526.444
  462.1 237.913 799.169   605.7 -1 -1
