pinhole 1280 720 479 424 647 387
pinhole 1280 720 441 441 666 409
pinhole 1280 720 483 453 648 418
 -1 -1 994.318 92.0954 231.917 420.614
 -1 -1 892.092 398.583 364.773 627.333
 -1 -1 728.091  475.73  510.53  474.36
 -1 -1 756.031 378.775 491.588  516.63
 -1 -1 725.904 76.4367 348.562 231.573
 -1 -1 550.434 304.829 997.768 556.803
 -1 -1 598.176 423.757  551.62 464.391
 -1 -1 523.672 480.456 585.255 474.844
 -1 -1 597.384 264.285 747.916 480.252
 -1 -1 600.579     290 1144.27 704.293
395.302  634.59 485.027 4.77641 -1 -1
 -1 -1 491.482 398.185 670.468  482.95
266.597 150.942 324.982 288.433 -1 -1
710.993 299.792 15.4709 44.1156 905.982 202.836
 -1 -1 667.274 411.475 592.105 597.994
500.651 375.029 431.516 211.822 843.453 331.115
 -1 -1 998.701 32.9929 249.898 386.559
48.9409 432.804 483.758 196.863 -1 -1
 -1 -1 446.803 599.024 848.628 661.447
 429.79 31.6172 159.821 346.558 -1 -1
125.099   246.5 399.274 254.542 -1 -1
 -1 -1 698.332 148.023 484.721 388.494
885.054  182.32 263.704 266.789 760.859 371.556
129.939 119.967 421.328 318.024 -1 -1
476.877 345.776 358.668 176.605 -1 -1
637.716 182.046 159.927  236.42 -1 -1
